1 0.219705 0.359481 0.040233 0.056188
1 0.241209 0.306935 0.043008 0.059309
1 0.361026 0.270098 0.045782 0.067633
1 0.389466 0.232640 0.037458 0.059309
1 0.428312 0.264896 0.047170 0.063471
1 0.715146 0.208694 0.036765 0.057228
1 0.702313 0.266963 0.040233 0.055147
1 0.742199 0.248754 0.045089 0.068674
1 0.779311 0.274247 0.043008 0.065552
1 0.651197 0.468491 0.044395 0.060350
1 0.698020 0.593873 0.042314 0.061390
1 0.385764 0.610521 0.041620 0.069714
1 0.478022 0.591271 0.034684 0.062431
1 0.469351 0.718369 0.064512 0.071795
1 0.651616 0.766753 0.057575 0.087403
0 0.329148 0.739598 0.038152 0.086362
0 0.763600 0.842088 0.049945 0.066593
0 0.573533 0.421019 0.043008 0.068593
0 0.495148 0.179580 0.041620 0.064512
0 0.445203 0.201431 0.049945 0.062431
0 0.685318 0.361231 0.053413 0.082200