1 0.247153 0.311459 0.039800 0.078494
1 0.297640 0.295429 0.039062 0.057488
1 0.279583 0.341861 0.038325 0.057488
1 0.279951 0.774746 0.036114 0.055277
1 0.456469 0.621083 0.042748 0.058594
1 0.353754 0.620559 0.041274 0.064121
1 0.385815 0.586840 0.044959 0.056383
1 0.451717 0.444189 0.039062 0.057488
1 0.534633 0.432581 0.038325 0.063016
1 0.534264 0.500571 0.043485 0.061910
1 0.575169 0.468511 0.038325 0.053066
0 0.326413 0.491361 0.047907 0.076282
0 0.491875 0.384016 0.032429 0.061910
0 0.623655 0.418287 0.040537 0.075177
0 0.810123 0.416629 0.031692 0.100604