1 0.222877 0.324882 0.040094 0.070755
1 0.357311 0.466392 0.044811 0.074292
1 0.552476 0.212559 0.038915 0.065448
1 0.669222 0.201946 0.036557 0.051297
1 0.742925 0.186026 0.037736 0.054835
1 0.607901 0.731722 0.043632 0.060142
0 0.318986 0.201061 0.048349 0.077830
0 0.392689 0.804245 0.047170 0.074292
0 0.473248 0.727112 0.044395 0.071795
0 0.681899 0.434519 0.058269 0.064512
0 0.796198 0.759097 0.057575 0.090524
0 0.521658 0.423989 0.022111 0.029297
0 0.521842 0.393586 0.018794 0.027086
0 0.545059 0.387782 0.022479 0.032061