1 0.359481 0.438039 0.040927 0.073876
1 0.507580 0.369886 0.036071 0.064512
1 0.410812 0.546773 0.038152 0.068674
1 0.523188 0.688282 0.046476 0.054107
1 0.525615 0.754875 0.038846 0.072836
1 0.778617 0.386014 0.036071 0.057228
1 0.758154 0.433877 0.038152 0.055147
1 0.800815 0.440640 0.043008 0.074917
0 0.285100 0.690694 0.037458 0.055147
0 0.332617 0.670404 0.042314 0.089484
0 0.444298 0.625662 0.060350 0.074917
0 0.552083 0.359413 0.049945 0.074917
0 0.533354 0.529016 0.030522 0.045782
0 0.648851 0.527976 0.046476 0.083241
0 0.755330 0.678444 0.054107 0.070755
0 0.209143 0.434445 0.017342 0.063471
0 0.206715 0.745557 0.012486 0.057228
0 0.410308 0.846250 0.052026 0.052026
0 0.735330 0.329292 0.044395 0.076998
0 0.614532 0.743760 0.048557 0.084281