1 0.607901 0.320460 0.034198 0.051297
1 0.743370 0.489387 0.050386 0.077830
1 0.594134 0.411684 0.032607 0.059887
1 0.489296 0.476616 0.042882 0.061106
1 0.526014 0.454103 0.032697 0.059498
1 0.575596 0.456113 0.036449 0.055478
1 0.524406 0.520034 0.039130 0.056282
1 0.554691 0.494707 0.036449 0.055478
0 0.506717 0.302544 0.061642 0.063518
0 0.391640 0.697015 0.058426 0.090051
0 0.608825 0.714703 0.062533 0.072363
0 0.310272 0.185432 0.050386 0.083619
0 0.522092 0.799756 0.063053 0.146682
0 0.714623 0.143573 0.033019 0.033608
0 0.811910 0.203715 0.024764 0.079599
0 0.806604 0.413325 0.030660 0.095519