1 0.258894 0.217705 0.033412 0.051101
1 0.222206 0.303692 0.036032 0.065841
1 0.218377 0.460235 0.036032 0.059945
1 0.256703 0.711808 0.037998 0.061910
1 0.262599 0.796320 0.039308 0.059945
1 0.287167 0.835628 0.037343 0.054049
1 0.420159 0.749150 0.045204 0.073703
1 0.277667 0.563911 0.037998 0.072720
1 0.292080 0.482346 0.036688 0.064858
1 0.387075 0.428865 0.039308 0.065841
1 0.499690 0.550146 0.039308 0.059945
1 0.474548 0.463554 0.041929 0.065841
1 0.748319 0.608126 0.049790 0.065841
1 0.590465 0.618444 0.045860 0.056997
1 0.597999 0.563904 0.038653 0.046187
1 0.601602 0.504987 0.044549 0.058962
1 0.616607 0.425758 0.046515 0.066824
1 0.590274 0.299480 0.032102 0.057980
1 0.599118 0.359917 0.035377 0.058962
1 0.561120 0.406595 0.043239 0.059945
1 0.519519 0.398733 0.042584 0.063876
1 0.526725 0.331418 0.046515 0.068789
1 0.568654 0.351072 0.032102 0.064858
0 0.224542 0.603455 0.045860 0.057980
0 0.402411 0.556776 0.046515 0.072720
0 0.426324 0.153466 0.044549 0.056014
0 0.489872 0.150518 0.048480 0.050118
0 0.578345 0.159362 0.036032 0.067807
0 0.808366 0.292933 0.032102 0.056014
0 0.756938 0.418228 0.057652 0.074686
0 0.766501 0.851294 0.040618 0.043239
0 0.796263 0.139216 0.043239 0.029481
0 0.548068 0.169680 0.031583 0.000000
0 0.235849 0.384535 0.031447 0.047170
0 0.206502 0.185039 0.014741 0.057488
0 0.819142 0.734125 0.017689 0.067807