1 0.254850 0.266853 0.042116 0.061910
1 0.363931 0.152509 0.037904 0.058120
1 0.263695 0.326869 0.044643 0.053066
1 0.363088 0.350875 0.037904 0.060647
1 0.650740 0.417207 0.040431 0.056856
1 0.257377 0.545450 0.047170 0.060647
1 0.288543 0.506282 0.043801 0.078336
1 0.299914 0.611783 0.039589 0.064437
1 0.331501 0.601675 0.037062 0.072018
1 0.317603 0.729918 0.041274 0.063174
1 0.390885 0.527130 0.039589 0.072018
1 0.440160 0.585881 0.047170 0.065701
1 0.482697 0.461429 0.041274 0.077072
1 0.793092 0.816466 0.037062 0.051803
1 0.649898 0.830364 0.037062 0.064437
0 0.437633 0.467115 0.035377 0.055593
0 0.487330 0.763400 0.048854 0.077072
0 0.684854 0.856266 0.037904 0.048012
0 0.715177 0.799409 0.041274 0.070755
0 0.766559 0.852475 0.044643 0.045485
0 0.598937 0.460165 0.049697 0.089707
0 0.526498 0.479749 0.046327 0.090970
0 0.740026 0.530920 0.052224 0.122557
0 0.818361 0.825942 0.013477 0.065701
0 0.794811 0.277123 0.056604 0.120283