1 0.230690 0.756505 0.039800 0.060805
1 0.291863 0.584040 0.047170 0.069649
1 0.419192 0.726605 0.040537 0.048644
1 0.417718 0.472624 0.046433 0.058594
1 0.425088 0.528454 0.036114 0.048644
1 0.491052 0.414030 0.039800 0.060805
1 0.540802 0.412925 0.046433 0.078494
1 0.644445 0.386945 0.037588 0.068544
1 0.698248 0.398553 0.033166 0.069649
1 0.683508 0.462674 0.042011 0.074071
1 0.662407 0.743511 0.035377 0.054172
1 0.780010 0.625771 0.042011 0.064121
1 0.774483 0.788838 0.041274 0.060805
0 0.350668 0.744344 0.037588 0.054172
0 0.737976 0.559718 0.048644 0.080705
0 0.418804 0.202362 0.120873 0.126865
0 0.248441 0.322450 0.069501 0.165831
0 0.758163 0.327978 0.061910 0.117187
0 0.608364 0.632942 0.079599 0.120504