1 0.301887 0.285083 0.047170 0.058373
1 0.663915 0.418632 0.047170 0.077830
1 0.751179 0.481427 0.030660 0.061910
1 0.317807 0.339917 0.043632 0.065448
1 0.371462 0.337264 0.035377 0.067217
1 0.300118 0.555719 0.041274 0.068986
1 0.537146 0.675118 0.041274 0.063679
1 0.731132 0.211675 0.033019 0.056604
1 0.592571 0.807783 0.050708 0.060142
1 0.778302 0.318691 0.042453 0.061910
1 0.762382 0.243514 0.036557 0.053066
0 0.535967 0.416863 0.031840 0.042453
0 0.664505 0.216097 0.038915 0.083137
0 0.774175 0.721108 0.043632 0.070755
0 0.254717 0.725531 0.075472 0.079599
0 0.568396 0.856427 0.042453 0.037146