1 0.371462 0.258550 0.035377 0.054835
1 0.596698 0.170106 0.037736 0.051297
1 0.433962 0.325767 0.042453 0.054835
1 0.280071 0.765330 0.050708 0.077830
1 0.320755 0.737913 0.044811 0.083137
1 0.333726 0.678656 0.040094 0.056604
1 0.356132 0.606132 0.042453 0.056604
1 0.333726 0.549528 0.044811 0.049528
1 0.357901 0.501769 0.043632 0.060142
1 0.589623 0.599941 0.037736 0.061910
1 0.795991 0.449587 0.044811 0.061910
1 0.579599 0.414210 0.036557 0.051297
1 0.658608 0.332842 0.041274 0.065448
1 0.736439 0.345224 0.038915 0.054835
1 0.761792 0.394752 0.044811 0.058373
0 0.526533 0.529186 0.041274 0.058373
0 0.586085 0.654776 0.035377 0.054835
0 0.599057 0.361144 0.033019 0.051297
0 0.206958 0.269163 0.015330 0.044222
0 0.459316 0.763561 0.038915 0.074292
0 0.657429 0.416863 0.057783 0.063679