1 0.273544 0.829321 0.044025 0.068396
1 0.313245 0.404793 0.044811 0.066038
1 0.393041 0.368826 0.042453 0.074292
1 0.471892 0.576013 0.037736 0.058962
1 0.531641 0.407970 0.050314 0.074292
1 0.729692 0.235456 0.039308 0.058962
1 0.780007 0.234866 0.047170 0.081368
0 0.586580 0.560514 0.037675 0.053418
1 0.657365 0.548668 0.039308 0.048349
1 0.656186 0.295720 0.046384 0.063679
1 0.662869 0.351145 0.044025 0.054245
1 0.770573 0.828739 0.042453 0.073113
0 0.235063 0.563991 0.045067 0.082547
0 0.598929 0.797481 0.054245 0.063679
0 0.451437 0.766231 0.052673 0.069575
0 0.817932 0.439259 0.014651 0.083083
0 0.806389 0.854085 0.031447 0.035377
0 0.329341 0.164908 0.055031 0.076651
0 0.473158 0.187697 0.042453 0.090802