1 0.438679 0.163031 0.037736 0.058373
1 0.566038 0.293927 0.033019 0.054835
1 0.627948 0.338149 0.041274 0.065448
1 0.780071 0.203715 0.043632 0.051297
1 0.703420 0.156840 0.045991 0.063679
1 0.632665 0.611439 0.036557 0.056604
1 0.410377 0.698113 0.042453 0.049528
1 0.356132 0.782134 0.042453 0.058373
1 0.494693 0.837854 0.031840 0.063679
1 0.793632 0.801592 0.040094 0.061910
1 0.628538 0.750295 0.037736 0.061910
1 0.667453 0.422170 0.040094 0.067217
1 0.786557 0.458432 0.040094 0.054835
1 0.788325 0.549528 0.038915 0.063679
1 0.738797 0.822818 0.038915 0.061910
0 0.518278 0.519458 0.038915 0.063679
0 0.658608 0.150649 0.041274 0.058373
0 0.774175 0.350531 0.050708 0.076061
0 0.321934 0.540684 0.061321 0.060142
0 0.497642 0.667158 0.061321 0.065448
0 0.664505 0.513267 0.060142 0.065448
0 0.702830 0.819281 0.033019 0.047759