1 0.382665 0.333726 0.036557 0.063679
1 0.745283 0.331958 0.040094 0.063679
1 0.296580 0.746757 0.045991 0.065448
1 0.568986 0.575177 0.034198 0.061910
1 0.431604 0.606132 0.042453 0.060142
1 0.446344 0.553950 0.045991 0.051297
1 0.520637 0.577830 0.043632 0.067217
1 0.540684 0.628243 0.036557 0.058373
1 0.445165 0.419517 0.041274 0.061910
1 0.454599 0.501769 0.041274 0.060142
1 0.465802 0.454894 0.037736 0.054835
0 0.461675 0.256781 0.041274 0.061910
0 0.214623 0.197524 0.028302 0.088443
0 0.773585 0.429245 0.044811 0.074292
0 0.806014 0.387677 0.036557 0.058373
0 0.519458 0.423054 0.048349 0.072524
0 0.482901 0.541568 0.034198 0.054835
0 0.370283 0.594634 0.049528 0.076061
0 0.562500 0.734375 0.042453 0.072524
0 0.711085 0.836969 0.044811 0.076061
0 0.764741 0.596403 0.067217 0.068986
0 0.798349 0.730837 0.047170 0.061910