1 0.313679 0.198408 0.040094 0.065448
1 0.663915 0.212559 0.037736 0.058373
1 0.645637 0.382370 0.043632 0.079599
1 0.695165 0.378833 0.048349 0.086675
1 0.541274 0.618514 0.042453 0.060142
0 0.371462 0.371757 0.037736 0.079599
0 0.373231 0.200177 0.038915 0.047759
0 0.428656 0.330189 0.036557 0.063679
0 0.781250 0.281545 0.031840 0.051297
0 0.403302 0.585790 0.040094 0.054835
0 0.243514 0.304540 0.045991 0.061910
0 0.205778 0.474351 0.015330 0.054835
0 0.426887 0.813090 0.040094 0.067217
0 0.603774 0.718455 0.056604 0.061910
0 0.750590 0.159493 0.031840 0.065448
0 0.324292 0.142689 0.035377 0.031840
0 0.540094 0.515920 0.044811 0.070755
0 0.522406 0.576946 0.047170 0.040684
0 0.277123 0.693691 0.047170 0.065448