0 0.250000 0.249705 0.037736 0.054835
0 0.191038 0.422170 0.023585 0.067217
0 0.502358 0.652123 0.040094 0.081368
0 0.831958 0.322229 0.029481 0.051297
0 0.811910 0.843160 0.031840 0.038915
0 0.766509 0.260318 0.044811 0.065448
1 0.431014 0.314269 0.036557 0.049528
1 0.538325 0.306309 0.038915 0.051297
1 0.525943 0.349646 0.042453 0.045991
1 0.571934 0.345224 0.044811 0.054835
1 0.507665 0.400943 0.027123 0.042453
1 0.589623 0.424823 0.042453 0.068986
1 0.651533 0.502653 0.036557 0.044222
1 0.547170 0.530071 0.040094 0.053066
1 0.468750 0.569870 0.043632 0.068986
1 0.432193 0.739682 0.038915 0.054835
1 0.386203 0.778597 0.029481 0.051297
1 0.416863 0.836085 0.034198 0.063679
1 0.706368 0.285083 0.040094 0.065448
1 0.667453 0.292158 0.037736 0.051297
1 0.676297 0.340802 0.031840 0.045991
1 0.790094 0.740566 0.056604 0.060142
0 0.721108 0.730837 0.041274 0.044222