1 0.358491 0.226710 0.030660 0.044222
1 0.201651 0.478774 0.035377 0.042453
1 0.273585 0.557488 0.035377 0.051297
1 0.303656 0.587559 0.029481 0.040684
1 0.375590 0.522995 0.034198 0.049528
1 0.497642 0.709611 0.030660 0.054835
1 0.527123 0.698113 0.025943 0.053066
1 0.806014 0.770637 0.036557 0.063679
1 0.777123 0.408019 0.033019 0.045991
1 0.741156 0.427476 0.050708 0.060142
1 0.573113 0.520342 0.028302 0.040684
1 0.462854 0.406250 0.031840 0.049528
1 0.481132 0.441627 0.040094 0.053066
0 0.310731 0.501769 0.053066 0.053066
0 0.832547 0.221403 0.028302 0.058373
0 0.655071 0.454894 0.043632 0.065448
0 0.284198 0.777712 0.042453 0.074292
0 0.833726 0.797170 0.025943 0.070755