0 0.416863 0.858196 0.036557 0.033608
0 0.454599 0.865271 0.036557 0.015920
1 0.344929 0.831663 0.036557 0.058373
1 0.527712 0.809552 0.034198 0.063679
1 0.808962 0.606132 0.037736 0.063679
1 0.375590 0.622936 0.038915 0.058373
1 0.388561 0.658314 0.038915 0.033608
1 0.392689 0.703420 0.037736 0.049528
1 0.482311 0.357606 0.040094 0.047759
1 0.477005 0.448703 0.036557 0.049528
1 0.579009 0.361144 0.033019 0.044222
1 0.485259 0.409788 0.038915 0.038915
1 0.514151 0.397406 0.033019 0.067217
1 0.547170 0.372642 0.033019 0.053066