1 0.202241 0.433667 0.036557 0.061910
1 0.298939 0.399175 0.029481 0.056604
1 0.326061 0.349646 0.041274 0.042453
1 0.581368 0.404481 0.044811 0.049528
1 0.336675 0.830778 0.036557 0.053066
1 0.228184 0.683962 0.038915 0.053066
1 0.240566 0.731722 0.030660 0.045991
1 0.419811 0.556604 0.035377 0.045991
1 0.464033 0.569870 0.038915 0.051297
1 0.493514 0.667158 0.034198 0.058373
1 0.550118 0.654776 0.029481 0.044222
1 0.589623 0.731722 0.040094 0.060142
1 0.614387 0.779481 0.044811 0.053066
1 0.672759 0.567217 0.034198 0.053066
1 0.701061 0.538031 0.041274 0.065448
1 0.729363 0.501769 0.036557 0.042453
1 0.708137 0.597288 0.045991 0.053066
1 0.737028 0.562795 0.035377 0.051297
1 0.514151 0.553950 0.040094 0.047759
1 0.499410 0.501769 0.050708 0.053066
1 0.469340 0.461085 0.033019 0.042453
1 0.500590 0.449587 0.036557 0.051297
1 0.465802 0.419517 0.030660 0.040684
0 0.590802 0.146226 0.037736 0.038915
0 0.672759 0.409788 0.043632 0.067217
0 0.535967 0.739682 0.048349 0.086675
0 0.421580 0.608785 0.034198 0.058373
0 0.551887 0.239976 0.047170 0.070755