1 0.200472 0.545106 0.040094 0.058373
1 0.375000 0.251474 0.035377 0.047759
1 0.379127 0.823703 0.031840 0.038915
1 0.477005 0.534493 0.029481 0.047759
1 0.456958 0.397406 0.034198 0.053066
1 0.493514 0.439858 0.038915 0.053066
1 0.528892 0.461085 0.027123 0.053066
1 0.550708 0.492925 0.028302 0.042453
1 0.798939 0.255012 0.041274 0.058373
1 0.708726 0.166568 0.035377 0.058373
0 0.291274 0.861733 0.037736 0.026533
0 0.336675 0.847583 0.034198 0.047759
0 0.373231 0.861733 0.048349 0.033608
0 0.487028 0.403597 0.028302 0.030071
0 0.660967 0.152417 0.029481 0.054835
0 0.551887 0.376179 0.035377 0.045991