0 0.194575 0.528302 0.040094 0.074292
0 0.404481 0.849351 0.035377 0.051297
0 0.676297 0.419517 0.041274 0.079599
0 0.738797 0.425708 0.024764 0.042453
0 0.835495 0.456663 0.029481 0.083137
0 0.778302 0.186910 0.047170 0.070755
1 0.364976 0.659198 0.034198 0.056604
1 0.478774 0.727300 0.028302 0.058373
1 0.777712 0.424823 0.034198 0.058373
1 0.523585 0.369104 0.030660 0.045991
1 0.573113 0.436321 0.033019 0.045991
1 0.510024 0.429245 0.043632 0.053066
1 0.525943 0.468160 0.028302 0.035377
1 0.544222 0.511498 0.031840 0.051297
1 0.504717 0.505307 0.035377 0.060142
1 0.510613 0.558373 0.044811 0.035377
1 0.494104 0.602594 0.033019 0.049528
1 0.433373 0.652123 0.029481 0.056604