1 0.247052 0.450472 0.031840 0.042453
1 0.251769 0.488502 0.022406 0.030071
1 0.308373 0.454894 0.029481 0.044222
1 0.286557 0.490271 0.049528 0.061910
1 0.550118 0.192217 0.027123 0.042453
1 0.406840 0.270932 0.042453 0.068986
1 0.459316 0.247936 0.027123 0.047759
1 0.438090 0.283314 0.029481 0.051297
1 0.478184 0.282429 0.034198 0.053066
1 0.488797 0.338149 0.043632 0.047759
1 0.527712 0.444281 0.045991 0.061910
1 0.557783 0.477889 0.023585 0.037146
1 0.492925 0.454894 0.030660 0.058373
1 0.483491 0.501769 0.025943 0.042453
1 0.517099 0.505307 0.034198 0.053066
1 0.534788 0.563679 0.029481 0.042453
1 0.547759 0.520342 0.031840 0.047759
0 0.375000 0.849351 0.068396 0.051297
0 0.580778 0.138267 0.041274 0.033608