1 0.199882 0.606132 0.038915 0.060142
1 0.197524 0.229363 0.024764 0.042453
1 0.374410 0.268278 0.027123 0.042453
1 0.260024 0.545991 0.027123 0.031840
1 0.293042 0.532724 0.031840 0.058373
1 0.350236 0.554835 0.030660 0.038915
1 0.474057 0.798939 0.040094 0.063679
1 0.529481 0.829009 0.035377 0.056604
1 0.463443 0.448703 0.044811 0.067217
1 0.362618 0.432783 0.027123 0.042453
1 0.388561 0.448703 0.029481 0.053066
1 0.368514 0.481427 0.029481 0.040684
1 0.418632 0.472583 0.023585 0.033608
1 0.401533 0.537146 0.024764 0.038915
1 0.386792 0.614092 0.033019 0.040684
1 0.484080 0.392983 0.034198 0.051297
1 0.531250 0.385908 0.041274 0.051297
1 0.571934 0.150649 0.023585 0.037146
1 0.679245 0.216097 0.028302 0.047759
1 0.695165 0.287736 0.031840 0.042453
1 0.580189 0.284198 0.023585 0.042453
1 0.603774 0.263856 0.033019 0.040684
1 0.624410 0.298349 0.029481 0.038915
1 0.620873 0.343455 0.036557 0.047759
1 0.637972 0.448703 0.025943 0.035377
1 0.676887 0.535377 0.021226 0.035377
1 0.727005 0.510613 0.034198 0.053066
1 0.709906 0.543337 0.035377 0.040684
1 0.690448 0.622936 0.036557 0.047759
1 0.712854 0.660083 0.031840 0.040684
1 0.716392 0.717571 0.031840 0.038915
1 0.688679 0.703420 0.023585 0.042453
0 0.537736 0.297465 0.044811 0.076061
0 0.653302 0.768868 0.028302 0.038915
0 0.838443 0.490271 0.014151 0.047759
0 0.759434 0.867040 0.028302 0.026533
0 0.537146 0.138267 0.041274 0.033608
0 0.642099 0.200177 0.034198 0.065448
0 0.324882 0.722877 0.048349 0.067217
0 0.241745 0.844045 0.040094 0.054835
0 0.487618 0.675118 0.071934 0.053066
0 0.250000 0.155071 0.040094 0.056604