0 0.271226 0.216981 0.033019 0.045991
0 0.382665 0.201061 0.045991 0.060142
0 0.620873 0.491156 0.048349 0.070755
0 0.791863 0.552182 0.060142 0.054835
0 0.204599 0.852005 0.041274 0.042453
1 0.403892 0.314269 0.029481 0.045991
1 0.432193 0.292158 0.038915 0.058373
1 0.455189 0.339033 0.035377 0.045991
1 0.503538 0.356722 0.037736 0.063679
1 0.609080 0.443396 0.043632 0.042453
1 0.608491 0.377064 0.033019 0.054835
1 0.638561 0.394752 0.031840 0.047759
1 0.690448 0.506191 0.041274 0.051297
1 0.715212 0.544222 0.038915 0.049528
1 0.576651 0.730837 0.033019 0.058373
1 0.607901 0.745873 0.031840 0.056604