1 0.248231 0.238208 0.038915 0.060142
1 0.442217 0.473467 0.025943 0.042453
1 0.495873 0.607901 0.038915 0.045991
1 0.536557 0.676002 0.030660 0.037146
1 0.531250 0.628243 0.031840 0.047759
1 0.562500 0.614092 0.035377 0.051297
1 0.596108 0.614092 0.034198 0.040684
1 0.731722 0.538915 0.034198 0.049528
1 0.476415 0.385908 0.044811 0.065448
1 0.508844 0.231132 0.038915 0.049528
1 0.479953 0.296580 0.030660 0.060142
1 0.658019 0.165684 0.030660 0.060142
1 0.692807 0.148880 0.031840 0.040684
1 0.701651 0.196639 0.033019 0.051297
1 0.511792 0.363797 0.033019 0.074292
1 0.524175 0.310731 0.038915 0.049528
1 0.560142 0.285967 0.030660 0.049528
1 0.553656 0.343455 0.038915 0.058373
1 0.781250 0.591981 0.031840 0.038915
1 0.773585 0.641509 0.037736 0.053066
1 0.748821 0.603479 0.028302 0.065448
0 0.202830 0.331958 0.033019 0.060142
0 0.293632 0.843160 0.040094 0.060142
0 0.826061 0.668927 0.043632 0.072524
0 0.831958 0.591981 0.029481 0.060142
0 0.550708 0.154186 0.044811 0.054835