1 0.290094 0.318691 0.035377 0.047759
1 0.464033 0.264741 0.029481 0.049528
1 0.650943 0.178066 0.035377 0.070755
1 0.826061 0.246167 0.031840 0.044222
1 0.234670 0.530955 0.037736 0.058373
1 0.242335 0.733491 0.029481 0.045991
1 0.287736 0.706073 0.040094 0.051297
1 0.355542 0.714033 0.027123 0.035377
1 0.350825 0.504422 0.038915 0.051297
1 0.374410 0.445165 0.027123 0.045991
1 0.474057 0.725531 0.037736 0.054835
1 0.489387 0.772406 0.042453 0.049528
1 0.499410 0.705189 0.034198 0.053066
1 0.567807 0.401828 0.031840 0.051297
1 0.620283 0.405366 0.033019 0.051297
1 0.590212 0.434552 0.027123 0.053066
1 0.607901 0.470814 0.038915 0.058373
1 0.787146 0.757370 0.038915 0.065448
1 0.821934 0.691038 0.035377 0.056604
1 0.824882 0.744104 0.036557 0.053066
0 0.529481 0.696344 0.021226 0.038915
0 0.499410 0.340802 0.045991 0.060142
0 0.356132 0.859965 0.037736 0.030071
0 0.389151 0.502653 0.047170 0.058373